
20802
Erghelegiu Tudor Andrei
0
0
0
0
0
0
0
0
0
0
0
0
5355
Iordache Marius
1,399
1,313
1,399
1,313
853
796
2,934
2,763
2,634
2,508
6,897
6,579
2944
Patachia Cristian
611
582
1,222
1,164
288
1,059
1,979
1,893
4,152
4,005
9,326
9,009
5426
Ploscaru Sorin Sebastian
0
0
0
0
0
0
0
0
0
0
0
0
6663
Retea Claudiu
775
718
1,162
1,077
710
653
1,699
1,585
1,523
1,439
3,196
3,398
21024
Sorici Vlad
1,312
1,196
2,293
2,093
1,504
1,361
5,004
4,690
5,101
4,838
4,274
4,062
6915
Stoianovici Constantin Andrei
662
605
662
605
607
550
372
343
999
936
5,226
4,909
5593
Vilcu Constantin
385
327
960
818
1,242
1,042
2,776
2,462
3,372
3,056
5,240
3,206
163706+4500
